’ 822112111181121121111, 17

0111111,
4111112111. Itaque 111112 institutionem 111122 1211111112112121.17

(4221112192, 212111242111111111111 1212211111127 1112211221)-
11112 habe, 41122112421111111 14112211 111111111112212, 1111912- 14.
1121221111 1112112111 2211 1271161117 nNIorumque 12112 11211
progredere. 111212 potius 1111112111 fac, 191211191122211721-
‘ 1122117 (1111211221) 1111, 1111114111 1212121111, et aliorsum dis·
cede. Isti 221111 somno se 1122 dant, nifi prius 11121221 11112-
11111117 11111·141111111411219121211112111225, nifi 7221112211111111111·
Io offenfionem 1111111121, 6221211221 quippe panem 111212
7121121117 bibuntque 11112111 12121111112242211221, 6112112222

Ι “ 221111211212112 2111211112, 12112119111111121111111111 solaris 1111111·

11117 quod exortum 1211112112 1121111111111231411112121, ad
4211111112 tempus 211722. 11111111212111 2212111112 est 1211·
7111212, 12112111211111211912115 ipfique 1111111121, ad quod·
1121112112111121211121121121112112141211211. Itaque, mifiIi, 20
211 mea verba attende5 et 111 2122111111 tuam 2211211111-

ge. Ab 11111 1122 retorque tuos 2121257 22112171121111 21
133 aIta

(1111111. =

111, 42, 71, 4919. 22, 67, 171121, 14, 12. 11, 119, 72, 121118, 7,
11111111. 1, 2, 2, 8, 7,1, 18, 22, 7,17,18,9(ἶ2111,7,18,1’·Ῑ3
0221746111 72,,21 121, 1,7. 12, 6. 111, 76, 2, Ps. 141, 7.

121, 267, 611111, 17 19117,2172112296,12261419, 14
’ 22, 27 27, ,191 (1111, 49, 6 11119121· XV. c. 1,25. 7, 8, 7, 27Ι 15
1718, 227. 11111711, 19. 28211, 17, 22, 211124, 8, 9. 1112414.

XVI. v. 12, 14, 6, 4 21, 10. 22, 22 248, 28, 24, 021127 ,11 1
816, 1111. 18,17 1111211. 2,,1 111212 ,,.8 Ps 127, 1711161,
111117719717. 12,.222,1727,,,1626671271111211,
612, ΛΜ, 2, 8, 7, 10. XVIII. c. 2, 22, 17, 9, 27, 7, CoNc. 11, 7. ’
12,2 28211171 27,,41,11, 78,1ο 121171, 26. XIX 12114, -
271779, 24,.16Ε11,12,22,27. 21111719 11179912119

111,.,,11,824 7117 724, 172422 ,,17 2712, 289 1111114, 794
1, 14,

 

