48 81111111118111111111.

C. XV.
11111111111111115 1111111111111111111 1111111111 111 quod

v. 8 11111111111111111. 81111111111111) 1111111111111111111, 111-
111111111111131111115 preces 1111111, 1 1111111111115 eidem
9 gratae 111111, Dominus 1111111111111111111111,11111111 1911111115Ἰ
11 11111 vero 11111, 91111111111111 1111111111. Dira ei obtinget Ι
11111911 111, 9111111111 111111 (11111115 91111111151111111111111,
, 11 1111111111 .11111111111111111111 111111911111111111,111111111111
Domini pate 11, quanto ioitur 1111111 memes hominum?
11 Displicet 11111111, quod quis 141111111111511115 ideoque ipse
15 11111111111111111. Μ1111111111111111111111711117111111111111111·
14 111115 111111 1111111 111111, 11111111111111111111111, 11111111-
11111911111911111111 quaerit 1111111111, 11111111111111111111111
15 pascit 1111111111. Singuli quidem pauperis dies 11111 1111111115
attamen 1111 mentis hilaritas est 111111 convivii perpetui.
16 Ρ1111111111111 17111111, 11111111111111 119111111111111 111-
1111111115 quam ingens 1111111111, 9111111111 1111111111111
17 disturbatio, 111111111111111111111111111111 porti0, 111111-
1 . 111

78 Υ15111111177.11111.7,9.17,9. 1111191619111111,
9 11189 IX. 1. 8.8,17.11,19.19,7.11,11,Ρ11,6.119165.

10 Χ,.51.,511,5154,15,15.,711917.11,1.15,18,19,16.15»

’ 11 15 1911115914,Χ1.,114.1,11.8,51.11,51.17,7.17,11,
51, 16, 111. 17, 911. Ρ1.88,11. 159, 8, 1111. 11, 8. 16, 6, 1811,

1111. 6, 51. XII. 1, 27. 1,I22. 9118. 12, 1. 15, 1.11. 14, 611.

11115 111. 5, 51. 14,11. XIII. 1. 2. 4. 15. 11,11, 14, 51. 16, 15Ι

1111, 18,14. CONc. 7, 5, 11, 9, (111, 41, 7, 111, 54, 6. 66, 2.

Ps‚ 11415. XIV. 1. 1. 28. 2, 4. 15, 20. 16,15. 18, 7. 15. ‚Com

7,4. 11. 1111111514110111115.1,17,6,,8.71,9,7
6111479Ε1,15,51,1)111,14,1118,47.Ρ1,4961114,4,
111111171761111,.18,17,1,11114618111597,
Ε1.,11,5Ρ15.7,16 11111111611111817,1.61114,9

111,11

 

